%YAML:1.0
---
width: 1133
height: 850
K: !!opencv-matrix
   rows: 3
   cols: 3
   dt: d
   data: [ 8.4856393160231153e+02, 0., 5.6482357040631109e+02, 0.,
       8.4952105819679116e+02, 4.2329175768970237e+02, 0., 0., 1. ]
D: !!opencv-matrix
   rows: 8
   cols: 1
   dt: d
   data: [ 1.1653668094741916e-01, -4.0238772420228403e-01,
       -2.6964895761482865e-03, -7.2229803315335334e-04,
       3.6869370394688172e-01, 0., 0., 0. ]
